2025-05-30 13:17:38.369490
CatBoost - Allstate_Claims - test_model - regression

MSE - mean: 3843279.09669
MSE - std: 48218.89568
R2 - mean: 0.54888
R2 - std: 0.00566

Train time: 13.073616
Test time: 8.544781

Best Parameters: {'learning_rate': 0.2502833800217669, 'max_depth': 7, 'l2_leaf_reg': 2.463939819180679, 'iterations': 100, 'od_type': 'Iter', 'od_wait': 20, 'verbose': 100, 'train_dir': 'output/CatBoost/Allstate_Claims/catboost_info', 'task_type': 'GPU', 'devices': [[0, 1]], 'cat_features': [0, 1, 2, 3, 4, 5, 6, 7, 8, 9, 10, 11, 12, 13, 14, 15, 16, 17, 18, 19, 20, 21, 22, 23, 24, 25, 26, 27, 28, 29, 30, 31, 32, 33, 34, 35, 36, 37, 38, 39, 40, 41, 42, 43, 44, 45, 46, 47, 48, 49, 50, 51, 52, 53, 54, 55, 56, 57, 58, 59, 60, 61, 62, 63, 64, 65, 66, 67, 68, 69, 70, 71, 72, 73, 74, 75, 76, 77, 78, 79, 80, 81, 82, 83, 84, 85, 86, 87, 88, 89, 90, 91, 92, 93, 94, 95, 96, 97, 98, 99, 100, 101, 102, 103, 104, 105, 106, 107, 108, 109, 110, 111, 112, 113, 114, 115]}


