9.377891540527343750e+00
6.586826324462890625e+00
2.339365482330322266e+00
4.717179870605468750e+01
2.614285469055175781e+00
3.200066328048706055e+00
6.088402271270751953e+00
6.891955375671386719e+00
7.755581855773925781e+00
7.611942291259765625e+00
8.458576202392578125e+00
7.285506248474121094e+00
8.358371734619140625e+00
7.707220554351806641e+00
7.508950233459472656e+00
7.580856800079345703e+00
7.285094738006591797e+00
7.690740108489990234e+00
7.211090087890625000e+00
6.891018867492675781e+00
