9.321752548217773438e+00
7.624534130096435547e+00
2.893522262573242188e+00
2.302075958251953125e+01
1.658676505088806152e+00
3.964692592620849609e+00
6.475306987762451172e+00
6.452051162719726562e+00
7.117475509643554688e+00
7.299183368682861328e+00
7.993799209594726562e+00
6.714334011077880859e+00
6.749117851257324219e+00
6.245888233184814453e+00
6.023741722106933594e+00
5.140463829040527344e+00
4.331840515136718750e+00
2.811696529388427734e+00
1.997501492500305176e+00
2.088151931762695312e+00
