4.242729663848876953e+00
4.182869434356689453e+00
4.142203330993652344e+00
4.064552307128906250e+00
3.875371932983398438e+00
4.000390052795410156e+00
3.882306337356567383e+00
3.775856018066406250e+00
3.907843828201293945e+00
3.586829185485839844e+00
3.701836585998535156e+00
3.756736516952514648e+00
3.837072849273681641e+00
3.711772203445434570e+00
3.837905645370483398e+00
3.615042209625244141e+00
3.692915678024291992e+00
3.693109035491943359e+00
3.556563615798950195e+00
3.810631990432739258e+00
3.630158185958862305e+00
3.577263593673706055e+00
3.664612293243408203e+00
3.486012697219848633e+00
3.729741334915161133e+00
3.736875772476196289e+00
3.537148237228393555e+00
3.471142768859863281e+00
3.388549566268920898e+00
3.447277784347534180e+00
3.497134685516357422e+00
3.299495220184326172e+00
3.591949462890625000e+00
3.394980907440185547e+00
3.518944501876831055e+00
3.394887924194335938e+00
3.313680887222290039e+00
3.447936058044433594e+00
3.332655906677246094e+00
3.433691978454589844e+00
3.385019540786743164e+00
3.304317474365234375e+00
3.183203220367431641e+00
3.398314714431762695e+00
3.059130191802978516e+00
3.198684215545654297e+00
3.200222492218017578e+00
3.064190149307250977e+00
3.345048666000366211e+00
3.115173816680908203e+00
