2025-05-05 08:13:11.187790
Parameters: {'learning_rate': 0.03267274261365912, 'max_depth': 9, 'l2_leaf_reg': 5.142429189335882, 'iterations': 100, 'od_type': 'Iter', 'od_wait': 20, 'verbose': 100, 'train_dir': 'output/CatBoost/Allstate_Claims/catboost_info', 'cat_features': [0, 1, 2, 3, 4, 5, 6, 7, 8, 9, 10, 11, 12, 13, 14, 15, 16, 17, 18, 19, 20, 21, 22, 23, 24, 25, 26, 27, 28, 29, 30, 31, 32, 33, 34, 35, 36, 37, 38, 39, 40, 41, 42, 43, 44, 45, 46, 47, 48, 49, 50, 51, 52, 53, 54, 55, 56, 57, 58, 59, 60, 61, 62, 63, 64, 65, 66, 67, 68, 69, 70, 71, 72, 73, 74, 75, 76, 77, 78, 79, 80, 81, 82, 83, 84, 85, 86, 87, 88, 89, 90, 91, 92, 93, 94, 95, 96, 97, 98, 99, 100, 101, 102, 103, 104, 105, 106, 107, 108, 109, 110, 111, 112, 113, 114, 115]}

MSE - mean: 4118956.85740
MSE - std: 280021.09151
R2 - mean: 0.50437
R2 - std: 0.01549

Train time: 35.264695
Test time: 0.322169

---------------------------------------
2025-05-05 08:13:39.940707
Parameters: {'learning_rate': 0.15992543643994592, 'max_depth': 2, 'l2_leaf_reg': 20.452402981754027, 'iterations': 100, 'od_type': 'Iter', 'od_wait': 20, 'verbose': 100, 'train_dir': 'output/CatBoost/Allstate_Claims/catboost_info', 'cat_features': [0, 1, 2, 3, 4, 5, 6, 7, 8, 9, 10, 11, 12, 13, 14, 15, 16, 17, 18, 19, 20, 21, 22, 23, 24, 25, 26, 27, 28, 29, 30, 31, 32, 33, 34, 35, 36, 37, 38, 39, 40, 41, 42, 43, 44, 45, 46, 47, 48, 49, 50, 51, 52, 53, 54, 55, 56, 57, 58, 59, 60, 61, 62, 63, 64, 65, 66, 67, 68, 69, 70, 71, 72, 73, 74, 75, 76, 77, 78, 79, 80, 81, 82, 83, 84, 85, 86, 87, 88, 89, 90, 91, 92, 93, 94, 95, 96, 97, 98, 99, 100, 101, 102, 103, 104, 105, 106, 107, 108, 109, 110, 111, 112, 113, 114, 115]}

MSE - mean: 4207973.42746
MSE - std: 233369.21232
R2 - mean: 0.49344
R2 - std: 0.00951

Train time: 10.275841
Test time: 0.317473

---------------------------------------
2025-05-05 08:14:23.841180
Parameters: {'learning_rate': 0.26888197503193645, 'max_depth': 8, 'l2_leaf_reg': 4.774211708526623, 'iterations': 100, 'od_type': 'Iter', 'od_wait': 20, 'verbose': 100, 'train_dir': 'output/CatBoost/Allstate_Claims/catboost_info', 'cat_features': [0, 1, 2, 3, 4, 5, 6, 7, 8, 9, 10, 11, 12, 13, 14, 15, 16, 17, 18, 19, 20, 21, 22, 23, 24, 25, 26, 27, 28, 29, 30, 31, 32, 33, 34, 35, 36, 37, 38, 39, 40, 41, 42, 43, 44, 45, 46, 47, 48, 49, 50, 51, 52, 53, 54, 55, 56, 57, 58, 59, 60, 61, 62, 63, 64, 65, 66, 67, 68, 69, 70, 71, 72, 73, 74, 75, 76, 77, 78, 79, 80, 81, 82, 83, 84, 85, 86, 87, 88, 89, 90, 91, 92, 93, 94, 95, 96, 97, 98, 99, 100, 101, 102, 103, 104, 105, 106, 107, 108, 109, 110, 111, 112, 113, 114, 115]}

MSE - mean: 3647871.00623
MSE - std: 261233.70288
R2 - mean: 0.56111
R2 - std: 0.01473

Train time: 30.619328
Test time: 0.325532

---------------------------------------
2025-05-05 08:15:03.090128
Parameters: {'learning_rate': 0.03359160442040639, 'max_depth': 7, 'l2_leaf_reg': 0.6081910712063953, 'iterations': 100, 'od_type': 'Iter', 'od_wait': 20, 'verbose': 100, 'train_dir': 'output/CatBoost/Allstate_Claims/catboost_info', 'cat_features': [0, 1, 2, 3, 4, 5, 6, 7, 8, 9, 10, 11, 12, 13, 14, 15, 16, 17, 18, 19, 20, 21, 22, 23, 24, 25, 26, 27, 28, 29, 30, 31, 32, 33, 34, 35, 36, 37, 38, 39, 40, 41, 42, 43, 44, 45, 46, 47, 48, 49, 50, 51, 52, 53, 54, 55, 56, 57, 58, 59, 60, 61, 62, 63, 64, 65, 66, 67, 68, 69, 70, 71, 72, 73, 74, 75, 76, 77, 78, 79, 80, 81, 82, 83, 84, 85, 86, 87, 88, 89, 90, 91, 92, 93, 94, 95, 96, 97, 98, 99, 100, 101, 102, 103, 104, 105, 106, 107, 108, 109, 110, 111, 112, 113, 114, 115]}

MSE - mean: 4053273.87225
MSE - std: 286067.10017
R2 - mean: 0.51234
R2 - std: 0.01518

Train time: 25.116848
Test time: 0.320445

---------------------------------------
2025-05-05 08:15:31.988679
Parameters: {'learning_rate': 0.020357423261403728, 'max_depth': 2, 'l2_leaf_reg': 15.920091278005135, 'iterations': 100, 'od_type': 'Iter', 'od_wait': 20, 'verbose': 100, 'train_dir': 'output/CatBoost/Allstate_Claims/catboost_info', 'cat_features': [0, 1, 2, 3, 4, 5, 6, 7, 8, 9, 10, 11, 12, 13, 14, 15, 16, 17, 18, 19, 20, 21, 22, 23, 24, 25, 26, 27, 28, 29, 30, 31, 32, 33, 34, 35, 36, 37, 38, 39, 40, 41, 42, 43, 44, 45, 46, 47, 48, 49, 50, 51, 52, 53, 54, 55, 56, 57, 58, 59, 60, 61, 62, 63, 64, 65, 66, 67, 68, 69, 70, 71, 72, 73, 74, 75, 76, 77, 78, 79, 80, 81, 82, 83, 84, 85, 86, 87, 88, 89, 90, 91, 92, 93, 94, 95, 96, 97, 98, 99, 100, 101, 102, 103, 104, 105, 106, 107, 108, 109, 110, 111, 112, 113, 114, 115]}

MSE - mean: 5316768.92675
MSE - std: 332897.03978
R2 - mean: 0.36021
R2 - std: 0.01242

Train time: 10.213712
Test time: 0.315583

---------------------------------------
2025-05-05 08:16:24.060976
Parameters: {'learning_rate': 0.04126123352807924, 'max_depth': 7, 'l2_leaf_reg': 2.9516226926629616, 'iterations': 100, 'od_type': 'Iter', 'od_wait': 20, 'verbose': 100, 'train_dir': 'output/CatBoost/Allstate_Claims/catboost_info', 'cat_features': [0, 1, 2, 3, 4, 5, 6, 7, 8, 9, 10, 11, 12, 13, 14, 15, 16, 17, 18, 19, 20, 21, 22, 23, 24, 25, 26, 27, 28, 29, 30, 31, 32, 33, 34, 35, 36, 37, 38, 39, 40, 41, 42, 43, 44, 45, 46, 47, 48, 49, 50, 51, 52, 53, 54, 55, 56, 57, 58, 59, 60, 61, 62, 63, 64, 65, 66, 67, 68, 69, 70, 71, 72, 73, 74, 75, 76, 77, 78, 79, 80, 81, 82, 83, 84, 85, 86, 87, 88, 89, 90, 91, 92, 93, 94, 95, 96, 97, 98, 99, 100, 101, 102, 103, 104, 105, 106, 107, 108, 109, 110, 111, 112, 113, 114, 115]}

MSE - mean: 3999267.19017
MSE - std: 441978.01167
R2 - mean: 0.52316
R2 - std: 0.02110

Train time: 25.425433
Test time: 0.326834

---------------------------------------
2025-05-05 08:16:54.672835
Parameters: {'learning_rate': 0.018582016885571557, 'max_depth': 3, 'l2_leaf_reg': 3.9812932593970536, 'iterations': 100, 'od_type': 'Iter', 'od_wait': 20, 'verbose': 100, 'train_dir': 'output/CatBoost/Allstate_Claims/catboost_info', 'cat_features': [0, 1, 2, 3, 4, 5, 6, 7, 8, 9, 10, 11, 12, 13, 14, 15, 16, 17, 18, 19, 20, 21, 22, 23, 24, 25, 26, 27, 28, 29, 30, 31, 32, 33, 34, 35, 36, 37, 38, 39, 40, 41, 42, 43, 44, 45, 46, 47, 48, 49, 50, 51, 52, 53, 54, 55, 56, 57, 58, 59, 60, 61, 62, 63, 64, 65, 66, 67, 68, 69, 70, 71, 72, 73, 74, 75, 76, 77, 78, 79, 80, 81, 82, 83, 84, 85, 86, 87, 88, 89, 90, 91, 92, 93, 94, 95, 96, 97, 98, 99, 100, 101, 102, 103, 104, 105, 106, 107, 108, 109, 110, 111, 112, 113, 114, 115]}

MSE - mean: 5094895.17740
MSE - std: 520528.70563
R2 - mean: 0.39231
R2 - std: 0.01980

Train time: 13.307702
Test time: 0.315127

---------------------------------------
2025-05-05 08:17:22.592968
Parameters: {'learning_rate': 0.07722178730564498, 'max_depth': 2, 'l2_leaf_reg': 0.6535696359537909, 'iterations': 100, 'od_type': 'Iter', 'od_wait': 20, 'verbose': 100, 'train_dir': 'output/CatBoost/Allstate_Claims/catboost_info', 'cat_features': [0, 1, 2, 3, 4, 5, 6, 7, 8, 9, 10, 11, 12, 13, 14, 15, 16, 17, 18, 19, 20, 21, 22, 23, 24, 25, 26, 27, 28, 29, 30, 31, 32, 33, 34, 35, 36, 37, 38, 39, 40, 41, 42, 43, 44, 45, 46, 47, 48, 49, 50, 51, 52, 53, 54, 55, 56, 57, 58, 59, 60, 61, 62, 63, 64, 65, 66, 67, 68, 69, 70, 71, 72, 73, 74, 75, 76, 77, 78, 79, 80, 81, 82, 83, 84, 85, 86, 87, 88, 89, 90, 91, 92, 93, 94, 95, 96, 97, 98, 99, 100, 101, 102, 103, 104, 105, 106, 107, 108, 109, 110, 111, 112, 113, 114, 115]}

MSE - mean: 4400903.88876
MSE - std: 486182.84374
R2 - mean: 0.47531
R2 - std: 0.02215

Train time: 10.154433
Test time: 0.315571

---------------------------------------
2025-05-05 08:17:50.280068
Parameters: {'learning_rate': 0.019393696648049893, 'max_depth': 2, 'l2_leaf_reg': 15.74253841709521, 'iterations': 100, 'od_type': 'Iter', 'od_wait': 20, 'verbose': 100, 'train_dir': 'output/CatBoost/Allstate_Claims/catboost_info', 'cat_features': [0, 1, 2, 3, 4, 5, 6, 7, 8, 9, 10, 11, 12, 13, 14, 15, 16, 17, 18, 19, 20, 21, 22, 23, 24, 25, 26, 27, 28, 29, 30, 31, 32, 33, 34, 35, 36, 37, 38, 39, 40, 41, 42, 43, 44, 45, 46, 47, 48, 49, 50, 51, 52, 53, 54, 55, 56, 57, 58, 59, 60, 61, 62, 63, 64, 65, 66, 67, 68, 69, 70, 71, 72, 73, 74, 75, 76, 77, 78, 79, 80, 81, 82, 83, 84, 85, 86, 87, 88, 89, 90, 91, 92, 93, 94, 95, 96, 97, 98, 99, 100, 101, 102, 103, 104, 105, 106, 107, 108, 109, 110, 111, 112, 113, 114, 115]}

MSE - mean: 5379286.60848
MSE - std: 544055.28953
R2 - mean: 0.35836
R2 - std: 0.02007

Train time: 10.096390
Test time: 0.313494

---------------------------------------
2025-05-05 08:18:22.389434
Parameters: {'learning_rate': 0.03226818277592342, 'max_depth': 4, 'l2_leaf_reg': 4.122681765420297, 'iterations': 100, 'od_type': 'Iter', 'od_wait': 20, 'verbose': 100, 'train_dir': 'output/CatBoost/Allstate_Claims/catboost_info', 'cat_features': [0, 1, 2, 3, 4, 5, 6, 7, 8, 9, 10, 11, 12, 13, 14, 15, 16, 17, 18, 19, 20, 21, 22, 23, 24, 25, 26, 27, 28, 29, 30, 31, 32, 33, 34, 35, 36, 37, 38, 39, 40, 41, 42, 43, 44, 45, 46, 47, 48, 49, 50, 51, 52, 53, 54, 55, 56, 57, 58, 59, 60, 61, 62, 63, 64, 65, 66, 67, 68, 69, 70, 71, 72, 73, 74, 75, 76, 77, 78, 79, 80, 81, 82, 83, 84, 85, 86, 87, 88, 89, 90, 91, 92, 93, 94, 95, 96, 97, 98, 99, 100, 101, 102, 103, 104, 105, 106, 107, 108, 109, 110, 111, 112, 113, 114, 115]}

MSE - mean: 4450919.49014
MSE - std: 473167.06053
R2 - mean: 0.46922
R2 - std: 0.02026

Train time: 16.245784
Test time: 0.317192

---------------------------------------
2025-05-05 08:19:04.973277
Parameters: {'learning_rate': 0.01314140641074946, 'max_depth': 4, 'l2_leaf_reg': 0.5517985132873491, 'iterations': 100, 'od_type': 'Iter', 'od_wait': 20, 'verbose': 100, 'train_dir': 'output/CatBoost/Allstate_Claims/catboost_info', 'cat_features': [0, 1, 2, 3, 4, 5, 6, 7, 8, 9, 10, 11, 12, 13, 14, 15, 16, 17, 18, 19, 20, 21, 22, 23, 24, 25, 26, 27, 28, 29, 30, 31, 32, 33, 34, 35, 36, 37, 38, 39, 40, 41, 42, 43, 44, 45, 46, 47, 48, 49, 50, 51, 52, 53, 54, 55, 56, 57, 58, 59, 60, 61, 62, 63, 64, 65, 66, 67, 68, 69, 70, 71, 72, 73, 74, 75, 76, 77, 78, 79, 80, 81, 82, 83, 84, 85, 86, 87, 88, 89, 90, 91, 92, 93, 94, 95, 96, 97, 98, 99, 100, 101, 102, 103, 104, 105, 106, 107, 108, 109, 110, 111, 112, 113, 114, 115]}

MSE - mean: 5274397.95201
MSE - std: 328562.39783
R2 - mean: 0.37417
R2 - std: 0.01179

Train time: 16.258618
Test time: 0.314577

---------------------------------------
2025-05-05 08:19:43.487185
Parameters: {'learning_rate': 0.012538041722120547, 'max_depth': 7, 'l2_leaf_reg': 0.7878592329821805, 'iterations': 100, 'od_type': 'Iter', 'od_wait': 20, 'verbose': 100, 'train_dir': 'output/CatBoost/Allstate_Claims/catboost_info', 'cat_features': [0, 1, 2, 3, 4, 5, 6, 7, 8, 9, 10, 11, 12, 13, 14, 15, 16, 17, 18, 19, 20, 21, 22, 23, 24, 25, 26, 27, 28, 29, 30, 31, 32, 33, 34, 35, 36, 37, 38, 39, 40, 41, 42, 43, 44, 45, 46, 47, 48, 49, 50, 51, 52, 53, 54, 55, 56, 57, 58, 59, 60, 61, 62, 63, 64, 65, 66, 67, 68, 69, 70, 71, 72, 73, 74, 75, 76, 77, 78, 79, 80, 81, 82, 83, 84, 85, 86, 87, 88, 89, 90, 91, 92, 93, 94, 95, 96, 97, 98, 99, 100, 101, 102, 103, 104, 105, 106, 107, 108, 109, 110, 111, 112, 113, 114, 115]}

MSE - mean: 4950198.77885
MSE - std: 316281.94970
R2 - mean: 0.41268
R2 - std: 0.01175

Train time: 24.896087
Test time: 0.317556

---------------------------------------
2025-05-05 08:20:20.248540
Parameters: {'learning_rate': 0.02067081232943347, 'max_depth': 6, 'l2_leaf_reg': 0.6450885993227431, 'iterations': 100, 'od_type': 'Iter', 'od_wait': 20, 'verbose': 100, 'train_dir': 'output/CatBoost/Allstate_Claims/catboost_info', 'cat_features': [0, 1, 2, 3, 4, 5, 6, 7, 8, 9, 10, 11, 12, 13, 14, 15, 16, 17, 18, 19, 20, 21, 22, 23, 24, 25, 26, 27, 28, 29, 30, 31, 32, 33, 34, 35, 36, 37, 38, 39, 40, 41, 42, 43, 44, 45, 46, 47, 48, 49, 50, 51, 52, 53, 54, 55, 56, 57, 58, 59, 60, 61, 62, 63, 64, 65, 66, 67, 68, 69, 70, 71, 72, 73, 74, 75, 76, 77, 78, 79, 80, 81, 82, 83, 84, 85, 86, 87, 88, 89, 90, 91, 92, 93, 94, 95, 96, 97, 98, 99, 100, 101, 102, 103, 104, 105, 106, 107, 108, 109, 110, 111, 112, 113, 114, 115]}

MSE - mean: 4532498.67166
MSE - std: 311236.76304
R2 - mean: 0.46232
R2 - std: 0.01433

Train time: 21.825340
Test time: 0.320020

---------------------------------------
2025-05-05 08:20:57.689877
Parameters: {'learning_rate': 0.01711408453700758, 'max_depth': 6, 'l2_leaf_reg': 22.365169446639218, 'iterations': 100, 'od_type': 'Iter', 'od_wait': 20, 'verbose': 100, 'train_dir': 'output/CatBoost/Allstate_Claims/catboost_info', 'cat_features': [0, 1, 2, 3, 4, 5, 6, 7, 8, 9, 10, 11, 12, 13, 14, 15, 16, 17, 18, 19, 20, 21, 22, 23, 24, 25, 26, 27, 28, 29, 30, 31, 32, 33, 34, 35, 36, 37, 38, 39, 40, 41, 42, 43, 44, 45, 46, 47, 48, 49, 50, 51, 52, 53, 54, 55, 56, 57, 58, 59, 60, 61, 62, 63, 64, 65, 66, 67, 68, 69, 70, 71, 72, 73, 74, 75, 76, 77, 78, 79, 80, 81, 82, 83, 84, 85, 86, 87, 88, 89, 90, 91, 92, 93, 94, 95, 96, 97, 98, 99, 100, 101, 102, 103, 104, 105, 106, 107, 108, 109, 110, 111, 112, 113, 114, 115]}

MSE - mean: 4819890.15975
MSE - std: 327489.03216
R2 - mean: 0.42826
R2 - std: 0.01297

Train time: 22.124329
Test time: 0.323645

---------------------------------------
2025-05-05 08:21:30.543610
Parameters: {'learning_rate': 0.05907095924516616, 'max_depth': 4, 'l2_leaf_reg': 3.2406787485826873, 'iterations': 100, 'od_type': 'Iter', 'od_wait': 20, 'verbose': 100, 'train_dir': 'output/CatBoost/Allstate_Claims/catboost_info', 'cat_features': [0, 1, 2, 3, 4, 5, 6, 7, 8, 9, 10, 11, 12, 13, 14, 15, 16, 17, 18, 19, 20, 21, 22, 23, 24, 25, 26, 27, 28, 29, 30, 31, 32, 33, 34, 35, 36, 37, 38, 39, 40, 41, 42, 43, 44, 45, 46, 47, 48, 49, 50, 51, 52, 53, 54, 55, 56, 57, 58, 59, 60, 61, 62, 63, 64, 65, 66, 67, 68, 69, 70, 71, 72, 73, 74, 75, 76, 77, 78, 79, 80, 81, 82, 83, 84, 85, 86, 87, 88, 89, 90, 91, 92, 93, 94, 95, 96, 97, 98, 99, 100, 101, 102, 103, 104, 105, 106, 107, 108, 109, 110, 111, 112, 113, 114, 115]}

MSE - mean: 4146264.83921
MSE - std: 297101.22781
R2 - mean: 0.50819
R2 - std: 0.01498

Train time: 16.371412
Test time: 0.319918

---------------------------------------
2025-05-05 08:22:28.003614
Parameters: {'learning_rate': 0.13411668168407584, 'max_depth': 9, 'l2_leaf_reg': 3.064211395118784, 'iterations': 100, 'od_type': 'Iter', 'od_wait': 20, 'verbose': 100, 'train_dir': 'output/CatBoost/Allstate_Claims/catboost_info', 'cat_features': [0, 1, 2, 3, 4, 5, 6, 7, 8, 9, 10, 11, 12, 13, 14, 15, 16, 17, 18, 19, 20, 21, 22, 23, 24, 25, 26, 27, 28, 29, 30, 31, 32, 33, 34, 35, 36, 37, 38, 39, 40, 41, 42, 43, 44, 45, 46, 47, 48, 49, 50, 51, 52, 53, 54, 55, 56, 57, 58, 59, 60, 61, 62, 63, 64, 65, 66, 67, 68, 69, 70, 71, 72, 73, 74, 75, 76, 77, 78, 79, 80, 81, 82, 83, 84, 85, 86, 87, 88, 89, 90, 91, 92, 93, 94, 95, 96, 97, 98, 99, 100, 101, 102, 103, 104, 105, 106, 107, 108, 109, 110, 111, 112, 113, 114, 115]}

MSE - mean: 3733501.13317
MSE - std: 272116.52538
R2 - mean: 0.55843
R2 - std: 0.01712

Train time: 36.144303
Test time: 0.329480

---------------------------------------
2025-05-05 08:22:58.650878
Parameters: {'learning_rate': 0.026794433908598314, 'max_depth': 3, 'l2_leaf_reg': 5.8893709354942825, 'iterations': 100, 'od_type': 'Iter', 'od_wait': 20, 'verbose': 100, 'train_dir': 'output/CatBoost/Allstate_Claims/catboost_info', 'cat_features': [0, 1, 2, 3, 4, 5, 6, 7, 8, 9, 10, 11, 12, 13, 14, 15, 16, 17, 18, 19, 20, 21, 22, 23, 24, 25, 26, 27, 28, 29, 30, 31, 32, 33, 34, 35, 36, 37, 38, 39, 40, 41, 42, 43, 44, 45, 46, 47, 48, 49, 50, 51, 52, 53, 54, 55, 56, 57, 58, 59, 60, 61, 62, 63, 64, 65, 66, 67, 68, 69, 70, 71, 72, 73, 74, 75, 76, 77, 78, 79, 80, 81, 82, 83, 84, 85, 86, 87, 88, 89, 90, 91, 92, 93, 94, 95, 96, 97, 98, 99, 100, 101, 102, 103, 104, 105, 106, 107, 108, 109, 110, 111, 112, 113, 114, 115]}

MSE - mean: 4845044.17248
MSE - std: 322261.50239
R2 - mean: 0.42697
R2 - std: 0.01476

Train time: 13.308924
Test time: 0.316489

---------------------------------------
2025-05-05 08:23:31.221010
Parameters: {'learning_rate': 0.02608234312360043, 'max_depth': 4, 'l2_leaf_reg': 4.906875534571062, 'iterations': 100, 'od_type': 'Iter', 'od_wait': 20, 'verbose': 100, 'train_dir': 'output/CatBoost/Allstate_Claims/catboost_info', 'cat_features': [0, 1, 2, 3, 4, 5, 6, 7, 8, 9, 10, 11, 12, 13, 14, 15, 16, 17, 18, 19, 20, 21, 22, 23, 24, 25, 26, 27, 28, 29, 30, 31, 32, 33, 34, 35, 36, 37, 38, 39, 40, 41, 42, 43, 44, 45, 46, 47, 48, 49, 50, 51, 52, 53, 54, 55, 56, 57, 58, 59, 60, 61, 62, 63, 64, 65, 66, 67, 68, 69, 70, 71, 72, 73, 74, 75, 76, 77, 78, 79, 80, 81, 82, 83, 84, 85, 86, 87, 88, 89, 90, 91, 92, 93, 94, 95, 96, 97, 98, 99, 100, 101, 102, 103, 104, 105, 106, 107, 108, 109, 110, 111, 112, 113, 114, 115]}

MSE - mean: 4672545.95311
MSE - std: 303632.75545
R2 - mean: 0.44729
R2 - std: 0.01534

Train time: 16.215962
Test time: 0.316741

---------------------------------------
2025-05-05 08:24:07.585261
Parameters: {'learning_rate': 0.011397786976369225, 'max_depth': 6, 'l2_leaf_reg': 12.219083720104349, 'iterations': 100, 'od_type': 'Iter', 'od_wait': 20, 'verbose': 100, 'train_dir': 'output/CatBoost/Allstate_Claims/catboost_info', 'cat_features': [0, 1, 2, 3, 4, 5, 6, 7, 8, 9, 10, 11, 12, 13, 14, 15, 16, 17, 18, 19, 20, 21, 22, 23, 24, 25, 26, 27, 28, 29, 30, 31, 32, 33, 34, 35, 36, 37, 38, 39, 40, 41, 42, 43, 44, 45, 46, 47, 48, 49, 50, 51, 52, 53, 54, 55, 56, 57, 58, 59, 60, 61, 62, 63, 64, 65, 66, 67, 68, 69, 70, 71, 72, 73, 74, 75, 76, 77, 78, 79, 80, 81, 82, 83, 84, 85, 86, 87, 88, 89, 90, 91, 92, 93, 94, 95, 96, 97, 98, 99, 100, 101, 102, 103, 104, 105, 106, 107, 108, 109, 110, 111, 112, 113, 114, 115]}

MSE - mean: 5219246.57679
MSE - std: 356227.05404
R2 - mean: 0.38279
R2 - std: 0.01559

Train time: 21.956962
Test time: 0.316346

---------------------------------------
2025-05-05 08:24:35.994031
Parameters: {'learning_rate': 0.022213418507307566, 'max_depth': 2, 'l2_leaf_reg': 8.184504626375835, 'iterations': 100, 'od_type': 'Iter', 'od_wait': 20, 'verbose': 100, 'train_dir': 'output/CatBoost/Allstate_Claims/catboost_info', 'cat_features': [0, 1, 2, 3, 4, 5, 6, 7, 8, 9, 10, 11, 12, 13, 14, 15, 16, 17, 18, 19, 20, 21, 22, 23, 24, 25, 26, 27, 28, 29, 30, 31, 32, 33, 34, 35, 36, 37, 38, 39, 40, 41, 42, 43, 44, 45, 46, 47, 48, 49, 50, 51, 52, 53, 54, 55, 56, 57, 58, 59, 60, 61, 62, 63, 64, 65, 66, 67, 68, 69, 70, 71, 72, 73, 74, 75, 76, 77, 78, 79, 80, 81, 82, 83, 84, 85, 86, 87, 88, 89, 90, 91, 92, 93, 94, 95, 96, 97, 98, 99, 100, 101, 102, 103, 104, 105, 106, 107, 108, 109, 110, 111, 112, 113, 114, 115]}

MSE - mean: 5315020.24615
MSE - std: 356872.96015
R2 - mean: 0.37143
R2 - std: 0.01529

Train time: 10.187731
Test time: 0.313677

---------------------------------------
2025-05-05 08:25:19.104483
Parameters: {'learning_rate': 0.20817931662155387, 'max_depth': 3, 'l2_leaf_reg': 13.059472266320938, 'iterations': 100, 'od_type': 'Iter', 'od_wait': 20, 'verbose': 100, 'train_dir': 'output/CatBoost/Allstate_Claims/catboost_info', 'cat_features': [0, 1, 2, 3, 4, 5, 6, 7, 8, 9, 10, 11, 12, 13, 14, 15, 16, 17, 18, 19, 20, 21, 22, 23, 24, 25, 26, 27, 28, 29, 30, 31, 32, 33, 34, 35, 36, 37, 38, 39, 40, 41, 42, 43, 44, 45, 46, 47, 48, 49, 50, 51, 52, 53, 54, 55, 56, 57, 58, 59, 60, 61, 62, 63, 64, 65, 66, 67, 68, 69, 70, 71, 72, 73, 74, 75, 76, 77, 78, 79, 80, 81, 82, 83, 84, 85, 86, 87, 88, 89, 90, 91, 92, 93, 94, 95, 96, 97, 98, 99, 100, 101, 102, 103, 104, 105, 106, 107, 108, 109, 110, 111, 112, 113, 114, 115]}

MSE - mean: 3749449.86478
MSE - std: 272287.76631
R2 - mean: 0.54264
R2 - std: 0.00981

Train time: 13.570033
Test time: 0.319593

---------------------------------------
2025-05-05 08:25:47.456396
Parameters: {'learning_rate': 0.056730789931032054, 'max_depth': 2, 'l2_leaf_reg': 7.4182499697505255, 'iterations': 100, 'od_type': 'Iter', 'od_wait': 20, 'verbose': 100, 'train_dir': 'output/CatBoost/Allstate_Claims/catboost_info', 'cat_features': [0, 1, 2, 3, 4, 5, 6, 7, 8, 9, 10, 11, 12, 13, 14, 15, 16, 17, 18, 19, 20, 21, 22, 23, 24, 25, 26, 27, 28, 29, 30, 31, 32, 33, 34, 35, 36, 37, 38, 39, 40, 41, 42, 43, 44, 45, 46, 47, 48, 49, 50, 51, 52, 53, 54, 55, 56, 57, 58, 59, 60, 61, 62, 63, 64, 65, 66, 67, 68, 69, 70, 71, 72, 73, 74, 75, 76, 77, 78, 79, 80, 81, 82, 83, 84, 85, 86, 87, 88, 89, 90, 91, 92, 93, 94, 95, 96, 97, 98, 99, 100, 101, 102, 103, 104, 105, 106, 107, 108, 109, 110, 111, 112, 113, 114, 115]}

MSE - mean: 4430960.25744
MSE - std: 337363.48866
R2 - mean: 0.45969
R2 - std: 0.01063

Train time: 10.192018
Test time: 0.315330

---------------------------------------
2025-05-05 08:26:18.017657
Parameters: {'learning_rate': 0.012070401361516096, 'max_depth': 3, 'l2_leaf_reg': 2.320112123001861, 'iterations': 100, 'od_type': 'Iter', 'od_wait': 20, 'verbose': 100, 'train_dir': 'output/CatBoost/Allstate_Claims/catboost_info', 'cat_features': [0, 1, 2, 3, 4, 5, 6, 7, 8, 9, 10, 11, 12, 13, 14, 15, 16, 17, 18, 19, 20, 21, 22, 23, 24, 25, 26, 27, 28, 29, 30, 31, 32, 33, 34, 35, 36, 37, 38, 39, 40, 41, 42, 43, 44, 45, 46, 47, 48, 49, 50, 51, 52, 53, 54, 55, 56, 57, 58, 59, 60, 61, 62, 63, 64, 65, 66, 67, 68, 69, 70, 71, 72, 73, 74, 75, 76, 77, 78, 79, 80, 81, 82, 83, 84, 85, 86, 87, 88, 89, 90, 91, 92, 93, 94, 95, 96, 97, 98, 99, 100, 101, 102, 103, 104, 105, 106, 107, 108, 109, 110, 111, 112, 113, 114, 115]}

MSE - mean: 5387474.18262
MSE - std: 391727.02457
R2 - mean: 0.34294
R2 - std: 0.00923

Train time: 13.307012
Test time: 0.313664

---------------------------------------
2025-05-05 08:26:52.614280
Parameters: {'learning_rate': 0.014374042678808535, 'max_depth': 5, 'l2_leaf_reg': 0.5644642163771574, 'iterations': 100, 'od_type': 'Iter', 'od_wait': 20, 'verbose': 100, 'train_dir': 'output/CatBoost/Allstate_Claims/catboost_info', 'cat_features': [0, 1, 2, 3, 4, 5, 6, 7, 8, 9, 10, 11, 12, 13, 14, 15, 16, 17, 18, 19, 20, 21, 22, 23, 24, 25, 26, 27, 28, 29, 30, 31, 32, 33, 34, 35, 36, 37, 38, 39, 40, 41, 42, 43, 44, 45, 46, 47, 48, 49, 50, 51, 52, 53, 54, 55, 56, 57, 58, 59, 60, 61, 62, 63, 64, 65, 66, 67, 68, 69, 70, 71, 72, 73, 74, 75, 76, 77, 78, 79, 80, 81, 82, 83, 84, 85, 86, 87, 88, 89, 90, 91, 92, 93, 94, 95, 96, 97, 98, 99, 100, 101, 102, 103, 104, 105, 106, 107, 108, 109, 110, 111, 112, 113, 114, 115]}

MSE - mean: 4796066.31567
MSE - std: 348386.09656
R2 - mean: 0.41504
R2 - std: 0.00916

Train time: 18.853501
Test time: 0.315459

---------------------------------------
2025-05-05 08:27:27.415349
Parameters: {'learning_rate': 0.09795747588730323, 'max_depth': 5, 'l2_leaf_reg': 1.3013020354822324, 'iterations': 100, 'od_type': 'Iter', 'od_wait': 20, 'verbose': 100, 'train_dir': 'output/CatBoost/Allstate_Claims/catboost_info', 'cat_features': [0, 1, 2, 3, 4, 5, 6, 7, 8, 9, 10, 11, 12, 13, 14, 15, 16, 17, 18, 19, 20, 21, 22, 23, 24, 25, 26, 27, 28, 29, 30, 31, 32, 33, 34, 35, 36, 37, 38, 39, 40, 41, 42, 43, 44, 45, 46, 47, 48, 49, 50, 51, 52, 53, 54, 55, 56, 57, 58, 59, 60, 61, 62, 63, 64, 65, 66, 67, 68, 69, 70, 71, 72, 73, 74, 75, 76, 77, 78, 79, 80, 81, 82, 83, 84, 85, 86, 87, 88, 89, 90, 91, 92, 93, 94, 95, 96, 97, 98, 99, 100, 101, 102, 103, 104, 105, 106, 107, 108, 109, 110, 111, 112, 113, 114, 115]}

MSE - mean: 3706904.14637
MSE - std: 254783.18815
R2 - mean: 0.54774
R2 - std: 0.00779

Train time: 19.374142
Test time: 0.320711

---------------------------------------
