5.698761485871814414e-02
1.138691902160644531e-01
1.700115998586018973e-01
2.265684604644775391e-01
2.825678076062883570e-01
3.385385501952398180e-01
3.940568481172834203e-01
4.495317141215006695e-01
5.041078726450601843e-01
5.585200445992606344e-01
6.131927115576607523e-01
6.673016548156738281e-01
7.214174440928867726e-01
7.752495436441331211e-01
8.291052409580775828e-01
8.820292438779558930e-01
9.350523040408179609e-01
9.874673003242129266e-01
1.040086933544703829e+00
1.092973175502958805e+00
1.145683027449108327e+00
1.197210062117803675e+00
1.249685429391406810e+00
1.301539074806939977e+00
1.350641999925885850e+00
1.401991793087550509e+00
1.452078700065612793e+00
1.500556105659121453e+00
1.551391425586882145e+00
1.601616246359688800e+00
1.652497291564941406e+00
1.702422647249131060e+00
1.751237222126551973e+00
1.800931226639520544e+00
1.849977056185404534e+00
1.898160599526904857e+00
1.944354945705050408e+00
1.991336944557371647e+00
2.039034863313039292e+00
2.086037862868535875e+00
2.132001164413633632e+00
2.177212595939636230e+00
