5.774344716753278262e-02
1.148896160579863102e-01
1.721502542495727539e-01
2.291331631796700574e-01
2.860434509458996133e-01
3.421104749043782367e-01
3.981483493532453344e-01
4.538957788830711992e-01
5.098615714481898875e-01
5.649642603737967672e-01
6.202762978417533102e-01
6.751169079825991570e-01
7.298899378095354828e-01
7.844275122597104133e-01
8.366150458653768274e-01
8.901260069438389211e-01
9.441853704906645328e-01
9.983459767841157406e-01
1.050311707314990795e+00
1.103047001929510218e+00
1.154945827665783131e+00
1.206843466985793256e+00
1.258122631481715548e+00
1.308657691592261862e+00
1.359635954811459602e+00
1.410063351903642959e+00
1.459665043013436359e+00
1.510358867191132992e+00
1.561156420480637408e+00
1.610849851653689324e+00
1.661717193467276532e+00
1.710990939821515733e+00
1.760004457973298519e+00
1.809543269021170575e+00
1.859418341091700899e+00
1.907159629322233707e+00
1.957012959889003145e+00
2.004909946804954934e+00
2.053355449721926629e+00
2.100048947901952623e+00
2.146650047529311323e+00
2.195420412790207720e+00
