5.757985796247210020e-02
1.146768842424665119e-01
1.720144464856102340e-01
2.288183087394350945e-01
2.854091042564028680e-01
3.418447006316411851e-01
3.980695009231567383e-01
4.542141130992344289e-01
5.097379457382928969e-01
5.653819299879527804e-01
6.208940630867367805e-01
6.755914858409336476e-01
7.302849576586768476e-01
7.859773806163242726e-01
8.401879128955659359e-01
8.943886870429629266e-01
9.480465366726830156e-01
1.001564968199956995e+00
1.053947897184462690e+00
1.108378892853146613e+00
1.161398552712940013e+00
1.212799305007571160e+00
1.265815053667340928e+00
1.317919481368291956e+00
1.369994027273995441e+00
1.421514039947873176e+00
1.473674757140023273e+00
1.524709553945632123e+00
1.576318354833693647e+00
1.627313596861702960e+00
1.677996067773728228e+00
1.726831419127327960e+00
1.777631759643554688e+00
1.827280532746087927e+00
1.877023691222781121e+00
1.927354926154726922e+00
1.976733236085800982e+00
2.024557664280846048e+00
2.073020248186020709e+00
2.121709636279514921e+00
2.169526639438810633e+00
2.215717278775714671e+00
